 1.75920000e+001
 9.13020000e+000
 1.36620000e+001
 1.18540000e+001
 6.82330000e+000
 1.18860000e+001
 4.34830000e+000
 1.20000000e+001
 6.59870000e+000
 3.81660000e+000
 3.25220000e+000
 1.55050000e+001
 3.15510000e+000
 7.22580000e+000
 7.16180000e-001
 3.51290000e+000
 5.30480000e+000
 5.60770000e-001
 3.65180000e+000
 5.38930000e+000
 3.13860000e+000
 2.17670000e+001
 4.26300000e+000
 5.18750000e+000
 3.08250000e+000
 2.26380000e+001
 1.35010000e+001
 7.04670000e+000
 1.46920000e+001
 2.41470000e+001
 -1.22000000e+000
 5.99660000e+000
 1.21340000e+001
 1.84950000e+000
 6.54260000e+000
 4.56230000e+000
 4.11640000e+000
 3.39280000e+000
 1.01170000e+001
 5.49740000e+000
 5.56570000e-001
 3.91150000e+000
 5.38540000e+000
 2.44060000e+000
 6.73180000e+000
 1.04630000e+000
 5.13370000e+000
 1.84400000e+000
 8.00430000e+000
 1.01790000e+000
 6.75040000e+000
 1.83960000e+000
 4.28850000e+000
 4.99810000e+000
 1.42330000e+000
 -1.42110000e+000
 2.47560000e+000
 4.60420000e+000
 3.96240000e+000
 5.41410000e+000
 5.16940000e+000
 -7.42790000e-001
 1.79290000e+001
 1.20540000e+001
 1.70540000e+001
 4.88520000e+000
 5.74420000e+000
 7.77540000e+000
 1.01730000e+000
 2.09920000e+001
 6.67990000e+000
 4.02590000e+000
 1.27840000e+000
 3.34110000e+000
 -2.68070000e+000
 2.96780000e-001
 3.88450000e+000
 5.70140000e+000
 6.75260000e+000
 2.05760000e+000
 4.79530000e-001
 2.04210000e-001
 6.78610000e-001
 7.54350000e+000
 5.34360000e+000
 4.24150000e+000
 6.79810000e+000
 9.26950000e-001
 1.52000000e-001
 2.82140000e+000
 1.84510000e+000
 4.29590000e+000
 7.20290000e+000
 1.98690000e+000
 1.44540000e-001
 9.05510000e+000
 6.17050000e-001
